Salazar Oscar 0121400693 326.829 3 1 3 0 350 8.75 2.1875 360.938 34.1086 0 34.1086
Salazar Oscar 0121400693 326.829 3 1 3 0 350 8.75 2.1875 360.938 34.1086 0 34.1086
Salazar Oscar 0321400693 326.829 3 1 3 0 350 8.75 2.1875 360.938 34.1086 0 34.1086
Salazar Oscar 0421400693 326.829 3 1 3 0 350 8.75 2.1875 360.938 34.1086 0 34.1086
Salazar Oscar 1721400693 326.829 3 1 3 0 350 8.75 2.1875 360.938 34.1086 0 34.1086
Salazar Oscar 1721400693 326.829 3 1 3 0 350 8.75 2.1875 360.938 34.1086 0 34.1086
Salazar Oscar 0721400693 326.829 3 1 3 0 350 8.75 2.1875 360.938 34.1086 0 34.1086
Salazar Oscar 0821400693 326.829 3 1 3 0 350 8.75 2.1875 360.938 34.1086 0 34.1086
Salazar Oscar 2021400693 326.829 3 1 3 0 350 8.75 2.1875 360.938 34.1086 0 34.1086
Salazar Oscar 1021400693 326.829 3 1 3 0 350 8.75 2.1875 360.938 34.1086 0 34.1086
Salazar Oscar 1321400693 326.829 3 1 3 0 350 8.75 2.1875 360.938 34.1086 0 34.1086
Salazar Oscar 1421400693 326.829 3 1 3 0 350 8.75 2.1875 360.938 34.1086 0 34.1086
Salazar Oscar 1421400693 326.829 3 1 3 0 350 8.75 2.1875 360.938 34.1086 0 34.1086
Salazar Oscar 1421400693 326.829 3 1 3 0 350 8.75 2.1875 360.938 34.1086 0 34.1086
Salazar Oscar 1521400693 326.829 3 1 3 0 350 8.75 2.1875 360.938 34.1086 0 34.1086
Salazar Oscar 1721400693 326.829 3 1 3 0 350 8.75 2.1875 360.938 34.1086 0 34.1086
Salazar Oscar 1721400693 326.829 3 1 3 0 350 8.75 2.1875 360.938 34.1086 0 34.1086
Salazar Oscar 1721400693 326.829 3 1 3 0 350 8.75 2.1875 360.938 34.1086 0 34.1086
Salazar Oscar 1921400693 326.829 3 1 3 0 350 8.75 2.1875 360.938 34.1086 0 34.1086
Salazar Oscar 2221400693 326.829 3 1 3 0 350 8.75 2.1875 360.938 34.1086 0 34.1086
Salazar Oscar 2121400693 326.829 3 1 3 0 350 8.75 2.1875 360.938 34.1086 0 34.1086
Salazar Oscar 2221400693 326.829 3 1 3 0 350 8.75 2.1875 360.938 34.1086 0 34.1086
Salazar Oscar 2221400693 326.829 3 1 3 0 350 8.75 2.1875 360.938 34.1086 0 34.1086
Salazar Oscar 2421400693 326.829 3 1 3 0 350 8.75 2.1875 360.938 34.1086 0 34.1086
